10 num (0 | 100)
94 12 47 55 68 84 29 30 95 48

10 num (-100 | 100)
-36 59 9 73 -96 90 -51 -95 33 -94

20 num (0 | 100)
72 24 64 23 35 17 78 77 91 9 29 68 76 71 47 37 98 62 87 18

20 num (-100 | 100)
-33 -30 -47 -91 -71 -74 29 -17 56 -23 -65 -7 5 -5 81 32 -15 21 9 -54

30 num (0 | 100)
57 44 59 4 65 45 63 50 73 24 62 70 39 20 72 82 1 69 78 17 89 8 49 91 51 7 76 79 74 96

30 num (-100 | 100)
35 -14 -33 96 -51 93 72 88 32 66 16 -93 -26 -11 -45 -13 26 -55 -7 -79 30 -29 -8 21 82 60 52 -63 -91 -84

50 num (0 | 100)
79 12 99 4 18 29 87 54 0 77 39 66 68 7 94 71 73 69 2 6 51 100 35 22 81 37 41 42 46 85 17 57 28 8 30 15 19 11 52 56 82 10 86 55 74 61 93 20 33 48

100 num(-100 | 100)
-94 -1 44 -18 66 24 18 -87 23 -88 48 -97 -39 3 -56 -92 77 82 36 29 32 -10 -76 54 -29 -72 64 -48 -78 56 -81 76 -64 -40 28 27 69 -89 -5 -31 96 35 -4 20 58 81 97 -45 -46 -96 62 -90 49 -84 67 -59 55 9 -47 -44 10 -2 -77 53 31 -49 -23 84 94 -69 4 60 -34 -100 -38 -32 -24 1 -14 25 -54 -17 17 -52 71 -26 -60 93 -80 42 43 -11 57 11 92 51 34 72 61 12

100 num (0 | 100)
73 99 6 39 94 8 62 47 63 86 33 24 51 79 82 98 1 89 37 29 68 45 43 92 90 76 87 18 22 26 69 42 49 44 7 14 27 96 21 35 91 23 72 20 66 61 19 11 50 2 53 34 30 74 95 25 80 13 64 46 67 59 38 36 88 28 57 84 78 5 97 70 54 16 85 60 77 56 83 81 32 65 52 71 15 17 75 9 58 10 3 40 55 12 41 0 93 48 100 4

100 num (0 | 1000)
824 80 293 131 56 646 601 997 816 713 259 552 46 16 3 789 2 107 359 342 279 929 57 433 730 27 440 35 675 757 42 999 796 401 936 957 975 256 291 969 268 984 551 287 913 215 994 566 120 594 983 784 500 431 841 927 203 352 455 894 644 765 763 99 612 467 947 875 811 457 525 192 77 553 794 590 446 123 581 943 556 177 41 535 62 142 584 368 168 6 529 136 698 246 545 672 324 823 884 414

100 num (0 | 10000)
4235 6149 6097 5002 1446 3925 157 5701 5358 6924 3021 3076 3119 2438 5988 40 7970 8972 9866 2100 1410 1261 6251 4634 1224 3992 5756 9533 5353 694 965 118 8996 529 4954 7039 737 9081 7708 5142 3435 6908 9398 8714 1190 6050 5757 9651 8406 2651 8354 2510 5542 2864 3979 1459 7965 4755 4165 8491 1174 6952 7976 5839 9229 3919 4464 8732 7443 9277 5807 5582 7083 1978 9595 9060 2534 8303 3999 8857 4412 8676 2909 3824 8008 3681 3665 2604 6085 7921 5190 7419 1499 1370 1745 1479 4346 1146 4428 2991

100 num (-10000 | 10000)
3567 -770 4419 -7823 6669 -389 4936 -984 100 -1190 4350 7515 9678 -9332 7817 -1136 -9548 -5949 -7520 8745 -2776 -2989 -9736 9903 -7726 9356 -4251 1205 9751 3049 -2260 5690 -9632 6689 7263 252 -4980 7025 3383 -8555 3045 6023 -7521 6330 -929 -859 6564 -6602 4040 -2517 -9733 6000 -503 -7204 -2694 9773 -151 -3310 -2571 -6615 3112 7150 8431 -2334 120 5453 -3014 5869 2638 350 1761 -5925 3153 8976 -705 -3621 282 1785 4938 8727 -7229 2738 8521 5232 9723 -4355 2068 -4531 2525 8050 -8189 -4078 3073 1656 8235 -1038 -9894 1239 508 -2098

500 num (0 | 500)
465 314 231 104 312 748 410 423 278 270 639 412 155 115 894 797 13 28 440 712 845 762 707 734 426 995 190 397 591 319 717 585 799 472 195 396 385 725 961 877 459 744 436 279 697 84 285 851 61 87 957 698 342 420 925 750 63 659 940 603 872 494 393 482 37 826 103 38 864 960 610 920 340 331 501 408 95 540 888 425 62 210 388 606 896 663 740 54 68 782 801 551 113 449 933 281 609 808 245 895 92 517 390 919 105 906 994 7 629 916 176 689 729 46 75 599 756 709 283 90 460 453 359 144 249 791 676 55 805 223 361 594 978 579 290 178 769 27 138 78 909 387 94 511 983 838 918 972 589 671 468 981 237 318 929 135 234 399 297 183 800 842 804 487 358 619 897 158 630 284 779 829 985 445 883 561 149 57 280 856 757 148 392 344 834 131 457 333 766 643 360 950 186 971 683 316 100 555 383 550 546 146 118 722 464 951 41 222 893 65 953 505 880 122 242 293 287 878 813 833 825 275 306 39 364 430 604 595 82 871 352 890 311 777 179 982 25 873 202 365 590 635 758 304 250 67 673 714 83 262 937 537 824 151 730 638 332 72 565 484 169 447 203 523 793 513 429 924 175 254 564 328 911 690 458 846 608 485 642 723 66 413 968 475 764 145 593 1 296 854 47 371 554 252 330 541 866 208 85 562 899 785 301 532 253 156 140 497 798 101 9 892 736 495 80 936 884 454 170 142 702 236 157 265 980 534 150 528 73 174 478 577 674 539 815 268 409 741 803 362 963 970 93 607 17 821 40 711 229 542 543 999 419 967 147 536 300 168 97 381 414 450 622 684 612 221 109 166 795 375 628 521 182 14 518 560 806 303 840 299 817 571 177 770 267 927 321 121 922 754 108 442 670 524 844 986 153 727 59 632 816 598 696 944 386 206 258 735 742 343 35 751 379 535 422 955 600 437 188 681 486 695 912 809 956 566 828 749 389 691 119 811 993 860 488 152 256 403 705 481 941 787 263 664 780 716 530 404 569 378 251 861 207 133 317 665 954 836 16 964 847 213 958 86 974 471 823 227 191 979 201 215 493 435 592 199 634 255 648 529 434 646 50 185 812 289 731 848 350 620 448 713 637 192 141 325 515 163 443 519

500 num (-500 | 500)
-25 -251 447 -48 -111 -171 157 184 -285 -332 108 -421 -388 -373 -225 272 270 111 -358 -256 455 97 82 -138 -234 497 456 268 -310 201 -336 -101 -254 69 -390 271 57 142 380 -420 467 129 -404 -442 -57 151 -226 -266 136 -80 300 273 134 -439 208 322 -343 404 251 -304 213 234 443 -318 -445 -83 -471 -260 -356 328 358 177 -472 393 258 175 -395 280 -500 195 141 319 -183 93 -228 346 36 405 302 -376 406 -2 351 454 -42 -121 -279 -462 -192 -187 451 -355 -374 407 -295 340 182 -255 232 -223 -4 68 384 242 415 347 32 -461 112 -114 488 -124 -361 -202 438 14 54 10 286 -198 -289 -352 421 -156 29 -39 -126 209 -240 -199 -338 -110 1 -243 -204 -149 -98 253 444 -90 -79 -365 -327 -386 41 -372 291 -334 52 -274 -281 -357 382 245 463 425 -275 396 -458 62 7 388 269 -73 -129 -305 162 288 -200 -117 -205 -59 -278 -224 323 -423 -143 18 325 147 -483 381 485 -209 -417 315 257 -116 -227 354 -270 -433 -150 164 321 109 120 283 417 -301 -163 -158 327 -469 -345 289 374 200 216 -68 -56 -87 440 452 13 -385 6 330 -112 -492 155 -71 131 -210 462 392 -103 5 363 -31 -203 479 229 244 -394 -164 -180 -218 -399 19 -259 -248 -465 85 -115 -20 -237 186 -341 -455 -484 408 387 -408 -109 -189 -18 83 197 -312 -280 -15 265 318 -407 -7 -411 446 -238 -195 176 -478 233 -194 -186 -172 61 78 473 143 -321 -17 326 -428 180 400 279 -438 -179 160 21 494 -371 -185 122 224 -123 89 495 -9 -213 117 362 230 -425 255 56 -89 250 -360 -276 334 -170 23 -232 312 -212 -176 -173 -387 -146 304 -161 314 115 -402 87 187 -369 16 -16 -162 -235 -181 -63 422 -36 -70 172 -32 307 424 -473 -27 -246 -475 -392 254 95 -120 297 -283 -214 -344 461 -50 -300 469 165 222 138 -216 -69 -167 -419 226 -43 -284 152 -100 457 344 173 365 263 211 -393 91 339 -263 489 -409 480 320 -49 -346 486 90 -375 458 153 368 74 -160 -11 -19 -191 -446 140 67 357 -197 335 -427 402 -217 414 277 181 -67 -12 0 -88 -125 -93 145 -40 453 2 282 276 -35 -154 281 248 329 296 -137 378 -286 -141 431 -481 65 -128 -54 -268 104 -145 -329 -208 429 448 -448 -330 80 -494 150 -429 -108 -219 51 493 72 487 118 -416 -464 -328 418 202 397 -452 -414 499 237 370 427 -24 -497 -231 264 437 -486 419 -257 48 -130 235 -456 -415 196 -377 -306 293 119 372 349 73 410

500 num (0 | 1000)
77 219 667 56 598 14 580 176 446 154 479 372 685 192 558 963 193 338 392 113 180 39 103 375 75 483 24 169 241 184 872 792 813 158 52 45 290 262 331 118 196 388 106 645 218 41 905 783 224 669 288 820 615 122 302 235 138 101 387 818 114 164 357 756 706 945 822 47 618 297 17 209 520 145 848 827 462 327 449 155 561 127 347 652 257 422 259 533 898 292 968 89 957 628 21 660 789 143 933 156 947 647 548 816 8 223 411 454 773 239 344 612 986 319 333 857 81 987 423 890 488 37 352 72 584 546 351 629 553 15 704 576 147 267 733 88 883 673 303 903 137 597 414 190 445 312 549 772 501 937 478 926 718 668 596 340 770 60 886 194 441 717 11 542 593 980 574 927 941 461 249 146 381 217 186 551 395 888 311 973 50 572 759 719 175 571 830 885 534 950 836 659 2 69 656 78 874 849 507 51 144 994 492 128 982 608 806 407 509 532 252 279 92 844 421 983 94 108 787 745 829 804 604 802 916 873 98 168 378 698 253 517 689 201 64 741 924 654 929 174 415 49 713 167 149 913 651 172 95 307 503 881 833 583 900 605 901 634 670 531 102 65 486 178 247 727 697 107 203 653 731 68 129 20 377 762 658 230 911 16 299 248 715 904 243 859 556 771 543 353 339 291 480 780 287 779 700 160 9 999 148 977 83 884 496 705 751 140 686 53 363 406 153 981 318 716 761 70 58 931 530 952 936 744 949 48 130 984 646 578 749 739 493 918 863 500 177 828 735 909 812 490 369 250 383 348 337 630 227 236 564 132 97 419 481 294 965 624 796 471 577 799 408 305 120 521 976 801 324 362 752 179 642 683 277 170 134 238 220 606 861 672 747 46 38 285 674 271 237 915 91 680 591 87 845 63 763 607 355 26 880 280 865 891 867 116 777 336 536 803 183 757 851 34 109 498 587 450 439 204 990 671 603 125 124 464 225 567 284 330 585 112 696 840 497 229 240 856 966 790 385 878 1 275 278 661 442 417 518 74 625 912 451 384 515 854 314 269 972 956 541 887 996 961 527 232 265 899 895 484 815 526 320 187 475 18 93 974 197 662 424 775 711 545 165 627 559 764 710 386 397 750 766 22 105 953 703 354 839 117

500 num (0 | 10000)
1946 7141 2847 7422 4454 9519 1025 7481 7955 1276 3840 6957 3739 8407 5476 2392 4918 1396 902 7005 1990 6863 8059 6881 5806 8965 5356 6678 5342 3640 2683 7428 7486 4551 8525 3743 5285 6927 5578 9181 7838 857 4069 4446 4804 6693 4511 7826 3737 8136 8190 5283 161 2289 6766 6377 2881 1433 6705 5992 2797 8498 4203 1187 1951 7897 5569 3805 2707 9279 5170 4481 7170 4759 3660 5984 5013 727 9084 5199 4565 5183 7687 1162 7636 1154 4913 564 9393 3554 6999 1319 1672 762 228 3050 4347 5623 4447 9185 2374 5770 8900 5172 1593 6717 3350 4486 8363 5834 3245 3942 9641 2607 3499 8312 3754 7268 3223 7686 8527 9022 9975 3237 687 6558 4239 4834 3501 1299 4274 7545 1205 5479 8004 958 6263 7347 448 8160 1571 7014 9698 6634 8050 8328 5933 1538 3287 4209 6534 3925 4779 3886 2403 9178 6069 8989 5051 2657 3791 1413 4402 3506 6617 9534 7869 9915 6187 7712 881 30 5232 8905 8167 8960 6152 5919 6264 1637 2331 1980 6584 983 2889 7958 8161 3468 2190 6502 300 8344 2021 2083 997 6102 5719 8302 2652 2750 9714 8331 922 691 5843 5823 9422 5694 2695 7825 797 1963 7533 7898 4989 2541 3084 9202 9077 2170 3153 5497 1028 5032 4774 5309 3312 2097 8035 1216 4243 4665 9352 9029 8174 50 8204 3675 426 8413 4193 1318 7045 4971 9546 9312 282 893 5525 3490 3176 5291 9919 2691 4688 4655 4001 8488 3331 3522 9246 2410 8530 3411 9582 9970 6430 7408 5561 1061 9407 5975 217 4330 2286 2024 8456 7902 7062 1422 544 9445 472 2637 4062 7106 175 1337 1438 4028 8425 2349 4199 2015 237 793 6180 5016 9879 6404 38 4538 4398 5174 8970 3462 4179 4144 1287 4577 1484 1307 629 6643 4493 3029 8890 7126 1005 7648 5258 8624 9990 1296 3589 2051 6204 5955 3971 71 5977 651 3997 6837 2368 8846 6667 1280 7018 8028 5084 2132 2686 5941 7213 2784 2584 4294 2098 3599 2437 7162 9032 2891 4160 1377 6236 2886 3904 187 1855 144 4612 2761 100 9694 7438 2274 9421 2165 6880 7258 5239 3491 2406 3179 4699 9196 5396 1964 9774 3731 6640 1551 9964 3290 1632 8778 8000 2203 4521 3270 3922 1309 6512 3103 377 1662 665 7950 588 924 1759 4442 3902 3615 8834 8501 6784 2787 5634 5960 6758 8675 7159 9470 1252 2134 9213 5580 8652 3323 5460 3514 4360 7885 8062 3297 5130 6873 5398 2038 8010 6747 8982 3487 4406 5008 2864 9006 345 8674 6153 2991 3464 7360 7983 7043 5889 1856 8911 2887 3184 9078 9165 9696 1715 3767 2846 2127 33 3497 242 3239 8386 8604 3234 2259 6280 4210 4338 9187 1127 8538 322 4071 4715 3723 349 8154 4706 2857 782 1048 3891 985 1197 2555 7157 7871 2497 6523 9854 2011 8961 1959 3939 7974 481 612

500 num (-10000 | 10000)
6555 4057 -4568 2887 4468 -8897 7889 -8784 3322 -3589 2842 4719 -577 656 9092 -1291 739 -3645 5465 -3190 -2271 -2239 1803 6150 8046 -9647 5536 -5387 -6389 7926 -4114 6942 9179 -287 -1012 -9757 -6883 266 -2077 -2086 2309 2362 6937 -5682 2432 9991 -8751 6634 1973 6377 2796 -8652 6956 -6809 3970 2487 -5279 6859 -3823 -3488 4135 -7436 -420 -7379 -5861 1665 -2508 -8289 -3696 -9502 8128 7902 -121 6159 -8534 -7775 -4466 -2666 6271 -2929 -3862 -281 9291 1287 -5463 -8403 -3452 -6191 -709 -8492 -1429 -3390 -1633 1565 -2658 -4359 2339 5152 -5357 -5706 9800 -3686 2498 -527 702 -7167 5121 7586 -4161 8481 3489 9703 2818 1603 -4118 -1564 3988 -7691 1994 -5897 8442 4321 4311 980 -1064 6948 -1364 -2009 -3328 -7005 -9402 6283 3289 8941 -5697 7468 4278 -224 4712 5404 3196 -5708 1914 7559 -9847 508 -4876 -1598 2434 9709 2904 -492 1156 -6679 9066 -5760 337 -9623 8560 4482 -3929 -6724 -3660 -5807 -6193 6089 7998 5480 4293 9747 -5477 5504 -7104 -2038 -6521 -8024 -763 -2166 2275 -4388 -4900 -6024 3049 -9211 5407 -8881 9168 -9786 3918 7422 5505 5963 6363 -9848 -2736 -5270 5994 -6941 -1221 2368 -8779 7465 3441 -7661 4938 4549 -1131 -5892 -3219 -8476 163 1433 7028 -587 -116 9200 5915 -5178 -6155 7792 8380 -52 7497 437 -7392 7445 8934 -9029 -1667 2281 -5330 -5116 5082 2403 -3283 5658 -7613 9764 -1658 -2988 8289 -8085 -6992 6111 -8335 -1288 -5006 1774 -1355 7494 -6002 -759 9867 2123 -1273 -3651 -7023 2526 667 -6397 5227 3606 -7036 1909 -210 8711 -8019 -190 3834 6983 -6528 6645 2550 -9469 3256 -8012 1658 -6752 1520 -19 -7212 4797 4620 -4603 8744 633 8500 1958 -9572 2320 -7607 3783 -8979 -1275 4598 -5870 8105 4894 -5889 -3359 -9008 3554 2355 -1503 9972 -2779 5368 -653 -4260 8274 -3704 9952 -8375 -5498 -7637 -8843 -7412 -9083 2144 -4974 8999 7879 4390 -454 3782 6125 -9448 -6104 -9840 -8816 -7075 -4400 -91 1514 5697 -2313 41 -2525 615 -3909 -3820 2510 7577 -9238 8901 -4209 6241 -8814 -9396 4976 -5960 684 5967 -2067 756 -6833 2810 3797 -9335 -4839 9873 -5881 -1794 -6714 6710 -6884 -2050 -2416 6974 4618 5103 -3814 989 6064 -2069 -852 -5073 850 -2000 -5545 1869 -2113 8705 -1749 5162 -871 -3071 -522 6355 5741 1842 -2858 9251 1734 5430 4247 -8724 -4762 4675 8633 -2880 -7177 -8025 3142 -9929 5222 7254 4388 7924 -2172 -3286 574 -4305 9966 -694 1480 -3079 -4570 -6935 5242 -309 502 9159 7857 -5205 8203 3971 9744 -7281 8480 1316 -552 -9110 -2890 -3832 -8617 -1126 -2125 7508 8661 -1705 9964 -2339 4367 -6794 796 -8183 -3957 -7665 -425 2663 -8122 2315 14 -9671 -9885 -3297 -1762 4842 -9598 -768 5180 -3125 -5581 7206 2004 622 7631 -5865 3495 4091 5601 -9582 -6438 -123 2513 -7343 -8960 6996 5526 -6672 3007 5432 -4870 8263 6835 -9458 -7997 -2522 5656 -1821 -6576 4979 -639 8590 8804 -7401 -1214 -4807 -2612